3.51477
3.48864
3.46854
3.40843
3.34564
3.30648
3.28052
3.23173
3.20755
3.18877
3.16731
3.16198
3.14918
3.12115
3.09149
3.07251
3.09068
3.06809
3.07503
3.10137
3.13771
3.17674
3.20965
3.21853
3.2185
3.20684
3.21289
3.20599
3.19651
3.2062
3.23627
3.27519
3.32079
3.3931
3.47711
3.5691
3.64571
3.723
3.81817
3.91125
4.00787
4.11052
4.19347
4.26811
4.34025
4.38742
4.40939
4.4095
4.40247
4.38856
4.372
4.34641
4.31428
4.28188
4.25181
4.21321
4.17412
4.14148
4.10864
4.07197
4.03398
4.00286
3.97303
3.93913
3.91131
3.88639
3.86669
3.8979
3.95343
4.0051
4.03607
4.04665
4.03925
4.02416
4.00669
3.99333
3.97991
3.95034
3.92973
3.90899
3.89933
3.92223
3.96593
4.01303
4.05251
4.0913
4.13032
4.16502
4.20126
4.24273
4.28755
4.33834
4.39592
4.4521
4.50839
4.5637
4.6159
4.6681
4.72711
4.80023
4.87597
4.95854
5.03754
5.11165
5.1929
5.27477
5.35954
5.44886
5.52896
5.60507
5.66966
5.7138
5.72972
5.73217
5.72668
5.72054
5.71303
5.70265
5.6923
5.68433
5.67786
5.67498
5.67525
5.67338
5.67356
5.67793
5.69229
5.70992
5.72669
5.74565
5.76683
5.78884
5.81183
5.84346
5.87637
5.90961
5.93864
5.96354
5.98588
6.01848
6.04844
6.0834
6.12127
6.15494
6.19165
6.23189
6.27395
6.31296
6.35043
6.37592
6.40244
6.42575
6.44516
6.45864