-1.22191
-1.20608
-1.19362
-1.18118
-1.16722
-1.1547
-1.14217
-1.1288
-1.11721
-1.10575
-1.09323
-1.08131
-1.07012
-1.05775
-1.04591
-1.0342
-1.02243
-1.01174
-1.0007
-0.989086
-0.975866
-0.964114
-0.951016
-0.939091
-0.927382
-0.916398
-0.902506
-0.890655
-0.879629
-0.866497
-0.854687
-0.841585
-0.829008
-0.816029
-0.803656
-0.789721
-0.77546
-0.761505
-0.745723
-0.731111
-0.7152
-0.696544
-0.679832
-0.662558
-0.642308
-0.623592
-0.604633
-0.583763
-0.565345
-0.547325
-0.527636
-0.510637
-0.494479
-0.47673
-0.461319
-0.44636
-0.430807
-0.419114
-0.408703
-0.39953
-0.391049
-0.385045
-0.38064
-0.377689
-0.37686
-0.377664
-0.380478
-0.385346
-0.392293
-0.401769
-0.411602
-0.424612
-0.438631
-0.453954
-0.471957
-0.490288
-0.510446
-0.533485
-0.554507
-0.575962
-0.60056
-0.624093
-0.647902
-0.675014
-0.699933
-0.725046
-0.752735
-0.777818
-0.802802
-0.829593
-0.853594
-0.878058
-0.904626
-0.928055
-0.951698
-0.978001
-1.00265
-1.02731
-1.05218
-1.07961
-1.1051
-1.13242
-1.15607
-1.17956
-1.20524
-1.22918
-1.25307
-1.2783
-1.30022
-1.3218
-1.34353
-1.36714
-1.38809
-1.41025
-1.42904
-1.44684
-1.46469
-1.48471
-1.50252
-1.52033
-1.54015
-1.55812
-1.57605
-1.59569
-1.61355
-1.63115
-1.64929
-1.66435
-1.67532
-1.6836
-1.68882
-1.69156
-1.69128
-1.68839
-1.6826
-1.67438
-1.66309
-1.65056
-1.63647
-1.62137
-1.6067
-1.59176
-1.57635
-1.56253
-1.54822
-1.53482
-1.52077
-1.50788
-1.49503
-1.48422
-1.47387
-1.46474
-1.45601
-1.44885
